age	qx	lx	dx	Lx	Tx	ex
0	0.005516042	100000	551.604126	99514.03906	8105136.5	81.05136871
1	0.00038244	99448.39844	38.03301239	99429.38281	8005622.5	80.50026703
2	0.000225473	99410.36719	22.41434479	99399.15625	7906193	79.53086853
3	0.000175089	99387.95313	17.40174294	99379.25	7806794	78.54869843
4	0.000150947	99370.55469	14.9997263	99363.05469	7707414.5	77.56235504
5	0.00013192	99355.55469	13.10696411	99349	7608051.5	76.57398987
6	0.000117056	99342.44531	11.62859917	99336.63281	7508702.5	75.58403015
7	0.000105547	99330.82031	10.48411274	99325.57813	7409366	74.59281921
8	9.5852E-05	99320.33594	9.520054817	99315.57813	7310040.5	73.60063934
9	8.8077E-05	99310.8125	8.746999741	99306.4375	7210725	72.60765076
10	8.40868E-05	99302.0625	8.349987984	99297.89063	7111418.5	71.61400604
11	8.72635E-05	99293.71094	8.664719582	99289.375	7012120.5	70.61998749
12	0.000101561	99285.04688	10.08346844	99280	6912831	69.62610626
13	0.000128894	99274.96094	12.7959137	99268.5625	6813551	68.63312531
14	0.000165664	99262.16406	16.44419861	99253.9375	6714282.5	67.64191437
15	0.000206619	99245.71875	20.50601959	99235.46875	6615028.5	66.65303802
16	0.00024703	99225.21094	24.51161575	99212.95313	6515793	65.6667099
17	0.000285593	99200.70313	28.33104706	99186.53906	6416580	64.68280792
18	0.00032009	99172.375	31.74406052	99156.5	6317393.5	63.70114136
19	0.00035122	99140.63281	34.82020569	99123.21875	6218237	62.72137833
20	0.000383598	99105.8125	38.0167923	99086.80469	6119114	61.74324036
21	0.00041649	99067.79688	41.26078796	99047.17188	6020027	60.76673889
22	0.000444701	99026.53906	44.0371666	99004.51563	5920980	59.79185104
23	0.000467144	98982.5	46.23905182	98959.375	5821975.5	58.81822968
24	0.0004862	98936.25781	48.10282135	98912.20313	5723016	57.84548569
25	0.000504543	98888.15625	49.89330673	98863.21094	5624104	56.87338257
26	0.000525958	98838.26563	51.98480225	98812.27344	5525240.5	55.9018364
27	0.000552693	98786.28125	54.59851074	98758.98438	5426428.5	54.93099213
28	0.000586694	98731.67969	57.92524719	98702.71875	5327669.5	53.9610939
29	0.000626557	98673.75781	61.82476807	98642.84375	5228966.5	52.9924736
30	0.000672939	98611.92969	66.35982513	98578.75	5130324	52.02539063
31	0.000721193	98545.57031	71.07038116	98510.03125	5031745	51.06008148
32	0.000765839	98474.5	75.41560364	98436.79688	4933235	50.09657288
33	0.000804632	98399.08594	79.17501831	98359.5	4834798	49.13458252
34	0.000842397	98319.91406	82.82437134	98278.5	4736438.5	48.1737442
35	0.000887842	98237.08594	87.21898651	98193.47656	4638160	47.21393967
36	0.000946694	98149.86719	92.91791534	98103.40625	4539966.5	46.2554512
37	0.001017192	98056.95313	99.74279785	98007.07813	4441863.5	45.29881287
38	0.001099228	97957.21094	107.677269	97903.375	4343856	44.34442139
39	0.001191922	97849.53125	116.6289825	97791.21875	4245953	43.39267731
40	0.001290749	97732.89844	126.1486816	97669.82813	4148161.75	42.44386292
41	0.001401588	97606.75	136.8043976	97538.34375	4050491.75	41.49806976
42	0.00153456	97469.94531	149.5735168	97395.15625	3952953.5	40.55561447
43	0.001694906	97320.375	164.9489136	97237.90625	3855558.25	39.61717606
44	0.001878628	97155.42969	182.5188751	97064.17188	3758320.5	38.68358612
45	0.002070169	96972.91406	200.7502899	96872.53906	3661256.25	37.7554512
46	0.002268268	96772.16406	219.5052032	96662.40625	3564383.75	36.83273697
47	0.002486048	96552.65625	240.0345459	96432.64063	3467721.25	35.91533661
48	0.002724586	96312.625	262.4120483	96181.42188	3371288.75	35.00360107
49	0.002977402	96050.21094	285.980072	95907.21875	3275107.25	34.09786606
50	0.003244593	95764.23438	310.7160034	95608.875	3179200	33.19819641
51	0.003514322	95453.51563	335.4543457	95285.78906	3083591.25	32.30463791
52	0.003776062	95118.0625	359.1716919	94938.47656	2988305.25	31.41680145
53	0.004029498	94758.89063	381.8308105	94567.97656	2893367	30.53398895
54	0.004288731	94377.0625	404.757843	94174.6875	2798799	29.65550041
55	0.004564287	93972.30469	428.9165955	93757.84375	2704624.25	28.78107834
56	0.004874763	93543.39063	456.0018616	93315.39063	2610866.25	27.91075134
57	0.00523409	93087.39063	487.2277832	92843.78125	2517551	27.04502678
58	0.005647096	92600.16406	522.9219971	92338.70313	2424707.25	26.1846962
59	0.006102679	92077.24219	561.9179077	91796.28125	2332368.5	25.3305645
60	0.006589205	91515.32813	603.0133057	91213.82031	2240572.25	24.4830265
61	0.00710403	90912.3125	645.843811	90589.39063	2149358.5	23.6421051
62	0.007665254	90266.46875	691.9154053	89920.51563	2058769	22.80768204
63	0.008303316	89574.55469	743.7658691	89202.67188	1968848.5	21.97999763
64	0.009050122	88830.78906	803.9294434	88428.82813	1879645.875	21.15984726
65	0.009952966	88026.85938	876.1283569	87588.79688	1791217	20.34852791
66	0.011000599	87150.73438	958.7102661	86671.375	1703628.25	19.54806519
67	0.012124224	86192.02344	1045.011353	85669.51563	1616956.875	18.75993729
68	0.013250154	85147.01563	1128.21106	84582.90625	1531287.25	17.98403931
69	0.014419111	84018.80469	1211.476563	83413.0625	1446704.375	17.21881676
70	0.015717879	82807.32813	1301.555542	82156.54688	1363291.375	16.46341515
71	0.017200736	81505.77344	1401.959351	80804.79688	1281134.75	15.71833134
72	0.018895946	80103.8125	1513.637329	79346.99219	1200330	14.98468018
73	0.02081755	78590.17188	1636.05481	77772.14063	1120983	14.26365376
74	0.022995872	76954.11719	1769.627075	76069.30469	1043210.875	13.55627155
75	0.025387038	75184.49219	1908.711548	74230.14063	967141.5625	12.86357784
76	0.028089853	73275.78125	2058.305908	72246.625	892911.4375	12.18562794
77	0.031225165	71217.47656	2223.777588	70105.58594	820664.8125	11.52336311
78	0.0347858	68993.69531	2400.000977	67793.69531	750559.1875	10.87866306
79	0.03879188	66593.69531	2583.294678	65302.04688	682765.5	10.25270462
80	0.043109026	64010.40234	2759.426025	62630.6875	617463.4375	9.646298409
81	0.047800422	61250.97656	2927.82251	59787.0625	554832.75	9.058349609
82	0.053180806	58323.15234	3101.672363	56772.31641	495045.7188	8.487979889
83	0.059365328	55221.48047	3278.241211	53582.35938	438273.375	7.936646461
84	0.06685926	51943.23828	3472.886475	50206.79688	384691.0313	7.405988693
85	0.075391009	48470.35156	3654.22876	46643.23438	334484.2188	6.900800228
86	0.084744439	44816.12109	3797.916992	42917.16406	287841	6.422711372
87	0.095071726	41018.20313	3899.671387	39068.36719	244923.8281	5.971100807
88	0.106427357	37118.53125	3950.427246	35143.32031	205855.4688	5.545894623
89	0.118857309	33168.10547	3942.271729	31196.96875	170712.1406	5.146876335
90	0.132395908	29225.83398	3869.380859	27291.14453	139515.1719	4.773693562
91	0.147062659	25356.45313	3728.987305	23491.95898	112224.0313	4.425857067
92	0.162858889	21627.46484	3522.224854	19866.35156	88732.07031	4.102749348
93	0.179764822	18105.24023	3254.685303	16477.89844	68865.71875	3.803634644
94	0.197736949	14850.55469	2936.503418	13382.30273	52387.82422	3.527667761
95	0.216706127	11914.05078	2581.8479	10623.12695	39005.51953	3.273909092
96	0.236576989	9332.203125	2207.784424	8228.310547	28382.39453	3.041339159
97	0.257228285	7124.418945	1832.602051	6208.118164	20154.08398	2.828874111
98	0.278514922	5291.816895	1473.849976	4554.891602	13945.96484	2.635383129
99	0.300271213	3817.966797	1146.425537	3244.753906	9391.073242	2.459705353
100	1	2671.54126	2671.54126	6146.319824	6146.319824	2.300664425
