strain	sex	animal_id	animal_facility	bw_start	bw_end	bw_gain	body_length	BMI	GLU	INS	HOMA_IR	CHOL	TG	liver_wt	liver_TG	liver_TG_tot
A/J	m	16	ARC	19.61	33.12	13.51	10.8	0.28	9.49	35.11	2.09	3.17	1.07	0.95	114	108.3
A/J	m	17	ARC	18.85	32.59	13.74	10.9	0.27	11.71	62.47	4.58	3.15	1.54	0.96	95	91.39
A/J	m	18	ARC	17.83	29.56	11.73	10.8	0.25	11.32	24.95	1.77	2.63	0.86	0.92	107	98.55
A/J	m	19	ARC	17.09	25.94	8.85	10.1	0.25	10.66	40.27	2.69	3.38	0.66	0.94	67	63.11
A/J	m	20	ARC	17.42	28.08	10.66	10.1	0.28	9.71	106.19	6.46	2.76	0.8	0.82	109	89.27
A/J	m	21	ARC	18.52	28.95	10.43	10.1	0.28	10.71	33.56	2.25	2.65	0.66	0.82	79	64.54
A/J	m	22	ARC	16.73	29.3	12.57	9.8	0.31	14.99	94.66	8.88	3.43	1.07	0.84	49	41.31
A/J	m	23	ARC	20.38	28.41	8.03	10.1	0.28	11.93	70.04	5.23	2.86	1.47	0.85	36	30.64
A/J	m	24	ARC	18.05	29.64	11.59	10.2	0.29	12.15	40.27	3.07	3.12	0.76	0.8	60	47.94
A/J	m	25	ARC	16.81	30.4	13.59	10.1	0.3	10.38	68.5	4.45	3.07	0.8	0.86	104	89.44
A/J	m	26	ARC	18.44	29.93	11.49	10.2	0.29	11.16	38.55	2.69	2.96	0.92	0.86	71	60.78
A/J	m	27	ARC	16.06	25.17	9.11	9.8	0.26	12.65	29.95	2.37	3.48	0.68	0.72	63	45.61
A/J	m	28	ARC	18.65	29.92	11.27	10.5	0.27	10.32	111.18	7.19	2.47	1.16	0.87	58	50.58
A/J	m	29	ARC	16.75	28.67	11.92	10.5	0.26	11.32	25.99	1.84	2.44	1	0.78	58	45.07
A/J	m	30	ARC	16.54	29.01	12.47	10.2	0.28	12.21	36.83	2.82	2.86	0.96	0.8	74	59.35
A/J	m	31	ARC	16.42	30.07	13.65	10.2	0.29	13.76	42.16	3.63	2.91	1.25	0.79	102	80.89
A/J	m	32	ARC	15.34	31.38	16.04	10.2	0.3	13.65	65.4	5.59	3.02	0.66	0.85	79	66.83
A/J	m	33	ARC	16.75	28.67	11.92	10.5	0.26	11.93	26.5	1.98	2.44	0.9	0.78	58	45.07
A/J	m	34	ARC	16.54	29.01	12.47	10.2	0.28	13.26	37.86	3.14	2.86	0.91	0.8	74	59.35
A/J	m	35	ARC	16.42	30.07	13.65	10.2	0.29	12.88	43.2	3.48	2.91	1.04	0.79	102	80.89
A/J	m	36	ARC	15.34	31.38	16.04	10.2	0.3	13.76	66.43	5.73	3.02	0.62	0.85	79	66.83
A/J	m	37	ARC	17.24	36.56	19.32	10.7	0.32	12.93	46.81	3.79	2.86	0.76	1	97	97.1
A/J	m	38	WAF	19.51	25.03	5.52	10.1	0.25	15.87	18.24	1.81	3.2	0.73	0.81	51	41.11
A/J	m	39	WAF	18.92	24.65	5.73	9.9	0.25	11.43	45.78	3.28	2.5	0.3	0.86	74	63.34
A/J	m	40	WAF	19.61	25.43	5.82	10.2	0.24	13.15	42.51	3.5	3.25	0.95	0.82	50	41.2
A/J	m	41	WAF	15.54	22.23	6.69	10	0.22	10.99	27.02	1.86	2.91	0.68	0.77	69	53.06
A/J	m	42	WAF	18.48	25.34	6.86	9.9	0.26	12.04	60.58	4.57	2.78	0.38	0.89	66	58.48
A/J	m	43	WAF	18.84	25.84	7	10.3	0.24	13.21	45.09	3.73	2.7	0.38	0.95	38	36.18
A/J	m	44	WAF	19.17	26.22	7.05	10.2	0.25	13.04	53.7	4.39	2.73	0.35	0.97	34	32.95
A/J	m	45	WAF	18.59	25.7	7.11	10	0.26	11.43	45.61	3.27	2.81	0.41	0.78	67	52.26
A/J	m	46	WAF	14.71	21.91	7.2	9.8	0.23	13.88	33.9	2.95	2.68	0.29	0.85	40	34.12
A/J	m	47	WAF	15.45	22.68	7.23	10	0.23	10.66	70.56	4.71	2.73	0.29	0.92	36	33.12
A/J	m	48	WAF	15.21	22.71	7.5	9.7	0.24	14.93	46.29	4.33	2.31	0.56	0.79	67	53.06
A/J	m	49	WAF	18.8	26.6	7.8	10.2	0.26	16.26	19.1	1.95	3.2	0.82	0.81	57	46
A/J	m	50	WAF	19.18	26.99	7.81	10	0.27	13.65	37.86	3.24	2.99	0.63	0.81	39	31.67
A/J	m	51	WAF	17.14	25.11	7.97	10	0.25	14.21	37.86	3.37	2.83	0.4	0.86	59	50.8
A/J	m	52	WAF	14.86	22.84	7.98	9.8	0.24	12.93	29.43	2.38	2.63	0.29	0.82	59	48.44
A/J	m	53	WAF	17.61	25.71	8.1	10.2	0.25	14.54	48.19	4.39	2.44	0.58	0.79	64	50.43
A/J	m	54	WAF	15.34	23.69	8.35	10	0.24	11.21	102.92	7.23	2.6	0.59	0.87	31	27.09
A/J	m	55	WAF	16.14	24.55	8.41	9.9	0.25	12.38	81.23	6.3	3.12	0.44	0.84	81	67.88
A/J	m	56	WAF	14.91	23.44	8.53	9.9	0.24	13.6	39.93	3.4	2.7	0.31	0.85	41	34.65
A/J	m	57	WAF	16.54	25.31	8.77	9.9	0.26	13.1	34.76	2.85	2.65	0.44	0.79	63	49.52
A/J	m	58	WAF	15.37	24.16	8.79	9.9	0.25	13.99	39.24	3.44	2.94	0.48	0.94	70	66.01
A/J	m	59	WAF	16.4	25.22	8.82	10	0.25	13.65	31.15	2.66	2.76	0.5	0.8	54	43.42
A/J	m	60	WAF	17.61	26.44	8.83	10.3	0.25	11.93	32.7	2.44	2.65	0.62	0.82	54	44.28
A/J	m	61	WAF	17.45	26.31	8.86	10	0.26	13.49	55.59	4.69	2.7	0.64	0.87	59	51.57
A/J	m	62	WAF	16.66	25.64	8.98	10	0.26	12.71	34.59	2.75	2.94	0.55	0.84	58	48.6
A/J	m	63	WAF	12.88	21.95	9.07	9.6	0.24	13.15	52.83	4.35	2.52	0.51	0.76	53	40.07
A/J	m	64	WAF	16.11	25.2	9.09	10	0.25	10.99	22.89	1.58	2.73	0.59	0.91	69	62.86
A/J	m	65	WAF	16.76	26.01	9.25	10.2	0.25	13.43	30.46	2.56	2.81	0.41	0.82	64	52.48
A/J	m	66	WAF	16.62	26.01	9.39	10.1	0.26	13.54	79.34	6.73	3.02	0.9	0.83	49	40.47
A/J	m	67	WAF	16.46	26.13	9.67	10.2	0.25	13.1	64.71	5.31	2.7	0.49	0.89	47	41.97
A/J	m	68	WAF	18.39	29.91	11.52	10.3	0.28	13.04	47.33	3.87	2.94	0.88	0.89	71	63.4
A/J	m	69	WAF	16.72	28.73	12.01	10.2	0.28	12.04	25.99	1.96	2.94	0.92	0.91	77	69.76
A/J	m	70	WAF	17.72	30.09	12.37	10.7	0.26	13.26	84.67	7.03	3.02	0.86	0.88	64	56.32
A/J	m	71	WAF	18.98	32.93	13.95	10.4	0.3	12.21	51.29	3.92	3.2	1.09	1.02	67	68.41
A/J	m	72	WAF	18	36.51	18.51	10.5	0.33	13.76	41.48	3.57	3.77	0.78	0.99	79	78.13
A/J	m	73	WAF	16.4	25.34	8.94	9.8	0.26	10.43	16.35	1.07	3.72	0.51	0.88	64	56.19
A/J	m	74	WAF	18	26.83	8.83	10.3	0.25	10.99	21.86	1.5	3.72	0.76	1.15	61	70.15
A/J	m	75	WAF	17.02	25.16	8.14	10.2	0.24	11.99	16.87	1.27	3.56	1.01	0.86	85	73.19
A/J	m	76	WAF	18.24	31.11	12.87	10.5	0.28	16.82	66.43	7	2.83	1.08	1.07	42	44.9
A/J	m	77	WAF	18.69	26.9	8.21	10.3	0.25	17.15	47.33	5.08	2.78	0.98	0.83	50	41.5
A/J	m	78	WAF	18.18	25.71	7.53	10.2	0.25	16.15	55.07	5.57	2.52	0.71	0.85	60	51.12
A/J	m	79	WAF	15.22	21.6	6.38	9.8	0.23	12.65	31.67	2.51	2.47	0.33	0.84	44	36.96
A/J	m	80	WAF	19.85	27.72	7.87	10.2	0.27	15.1	46.98	4.44	2.5	0.9	0.8	44	35.2
A/J	m	81	WAF	20.84	24.24	3.4	10.3	0.23	11.99	64.19	4.82	2.65	0.62	0.91	44	40.22
A/J	m	82	WAF	18.07	28.51	10.44	10.3	0.27	13.38	54.9	4.6	2.68	0.71	0.9	52	46.85
A/J	m	83	WAF	22.33	36.11	13.78	10.7	0.32	14.04	92.07	8.1	3.2	0.89	1.2	87	104.49
A/J	m	84	WAF	19.87	30.89	11.02	10.5	0.28	11.99	73.83	5.54	2.81	0.44	1.15	75	85.95
A/J	m	85	WAF	19.96	28.51	8.55	10.3	0.27	13.21	56.62	4.68	3.46	0.84	0.85	50	42.7
A/J	m	86	WAF	18.36	29.71	11.35	10.4	0.28	11.77	43.89	3.23	2.91	0.5	1.05	69	72.31
A/J	m	87	WAF	16.48	31.1	14.62	10.4	0.29	12.1	48.02	3.64	3.09	0.97	0.9	80	71.76
A/J	m	88	WAF	18.65	34.74	16.09	10.5	0.32	14.32	84.67	7.59	3.15	0.89	1.15	102	117.5
A/J	m	89	WAF	18.54	30.35	11.81	10.5	0.28	12.43	73.31	5.71	2.99	0.51	1.12	62	69.32
A/J	m	90	WAF	19.18	36.21	17.03	10.6	0.32	14.1	49.74	4.39	3.02	0.7	1.07	85	90.7
A/J	m	91	WAF	18.29	25.19	6.9	10.1	0.25	10.6	62.64	4.16	2.94	0.43	1.03	45	46.44
A/J	m	92	WAF	18.58	31.76	13.18	10.4	0.29	13.32	155.06	12.93	2.91	0.7	0.93	62	57.78
A/J	m	93	WAF	18.81	30	11.19	10.4	0.28	15.48	48.88	4.74	3.22	0.57	1.02	51	52.02
A/J	m	94	WAF	16.58	28.53	11.95	10.1	0.28	12.49	74.35	5.81	3.3	0.95	0.96	110	105.82
A/J	m	95	WAF	18.15	24.13	5.98	10	0.24	12.71	58	4.62	3.02	0.49	1	52	51.74
A/J	m	96	WAF	18.31	28.98	10.67	10.3	0.27	11.71	93.11	6.83	2.94	0.79	0.9	101	90.9
A/J	m	97	WAF	18.05	26.3	8.25	10.2	0.25	13.21	46.81	3.87	3.02	0.58	0.84	54	45.58
A/J	m	98	WAF	18.41	25.76	7.35	10.4	0.24	11.1	40.27	2.8	2.6	0.67	0.95	45	42.84
A/J	m	99	WAF	17.82	26.84	9.02	10.4	0.25	12.27	37.86	2.91	2.55	0.56	0.95	59	55.93
A/J	m	100	WAF	16.88	25.04	8.16	10.2	0.24	12.04	9.81	0.74	2.81	1.04	0.82	75	61.5
A/J	m	101	WAF	18.81	26.49	7.68	10.3	0.25	12.71	29.26	2.33	2.39	0.82	0.85	57	48.17
A/J	m	102	WAF	14.28	20.01	5.73	9.7	0.21	10.05	134.07	8.43	2.96	0.26	0.84	29	24.36
A/J	m	103	WAF	17.12	25.04	7.92	10.1	0.25	14.99	59.03	5.54	2.83	0.43	0.83	58	48.31
A/J	m	104	WAF	15.1	26.88	11.78	10.3	0.25	9.93	16.52	1.03	2.99	0.67	0.93	81	75.33
A/J	m	105	WAF	18.42	29.09	10.67	10.5	0.26	10.66	23.92	1.6	2.76	0.7	1.06	89	94.07
A/J	m	106	WAF	16.18	24.21	8.03	10.2	0.23	9.77	40.96	2.51	3.25	0.64	0.8	71	57.08
A/J	m	107	WAF	18.6	25.67	7.07	10.4	0.24	11.49	18.76	1.35	2.86	1.12	0.93	70	65.03
A/J	m	108	WAF	16.29	22.47	6.18	10	0.23	11.99	5.51	0.41	3.33	0.65	0.84	99	82.76
A/J	m	109	WAF	16.78	24.19	7.41	10.2	0.23	10.32	11.36	0.73	3.02	1.17	0.82	76	62.55
A/J	m	110	WAF	16.36	26.68	10.32	10.3	0.25	12.6	23.06	1.82	2.73	0.91	0.83	84	69.47
C57BL/6J	m	915	ARC	17.86	46.41	28.55	10.4	0.43	14.65	272.78	25.03	4.16	0.84	1.69	133	224.77
C57BL/6J	m	916	ARC	18.77	40.5	21.73	10.3	0.38	16.15	254.54	25.74	4.65	0.46	1.46	245	358.68
C57BL/6J	m	917	ARC	17.67	45.51	27.84	10.3	0.43	20.42	412.87	52.8	4.42	0.43	2.35	208	488.38
C57BL/6J	m	918	ARC	18.79	46.55	27.76	10.2	0.45	19.92	519.74	64.85	5.62	0.55	2.02	297	599.64
C57BL/6J	m	919	ARC	16.49	45.95	29.46	10.3	0.43	19.26	343.34	41.41	5.12	0.42	1.78	241	429.22
C57BL/6J	m	920	ARC	16.24	44.47	28.23	10.1	0.44	21.48	569.82	76.64	5.85	0.55	1.98	271	535.5
C57BL/6J	m	921	ARC	18.01	36.22	18.21	10.2	0.35	16.65	211.68	22.07	4.86	0.46	1.28	161	205.92
C57BL/6J	m	922	ARC	18.68	40.66	21.98	10.2	0.39	17.76	160.57	17.86	5.15	0.46	1.7	229	388.38
C57BL/6J	m	923	ARC	16.68	37.29	20.61	10.4	0.35	10.66	33.56	2.24	3.38	0.42	1.23	211	258.69
C57BL/6J	m	924	ARC	15.15	37.46	22.31	10.3	0.35	13.82	226.83	19.63	4.16	0.35	1.3	201	261.5
C57BL/6J	m	925	ARC	17.78	35.12	17.34	9.9	0.36	14.32	127.53	11.43	3.95	0.48	1.17	139	162.21
C57BL/6J	m	926	ARC	16.89	26.95	10.06	10.3	0.25	3.89	40.27	0.98	2.7	0.39	0.99	101	99.69
C57BL/6J	m	927	ARC	20.77	47.08	26.31	10.6	0.42	14.99	367.95	34.53	4.78	0.71	1.73	257	444.1
C57BL/6J	m	928	ARC	17.34	35.03	17.69	10.4	0.32	11.38	73.49	5.24	2.42	0.73	0.87	137	119.46
C57BL/6J	m	929	ARC	20.75	46.29	25.54	11	0.38	18.09	624.9	70.8	4.55	0.48	1.59	188	298.36
C57BL/6J	m	930	ARC	20.2	40.84	20.64	10.4	0.38	13.43	376.55	31.67	4.45	0.3	1.33	199	265.27
C57BL/6J	m	931	ARC	20.26	47.04	26.78	10.6	0.42	15.32	412.87	39.6	4.47	0.39	1.74	293	508.36
C57BL/6J	m	932	ARC	16.89	26.95	10.06	10.3	0.25	4.5	41.13	1.16	2.7	0.38	0.99	101	99.69
C57BL/6J	m	933	ARC	17.14	29.02	11.88	10.2	0.28	9.32	25.47	1.49	2.78	0.76	0.99	125	123.5
C57BL/6J	m	934	ARC	22.04	37.56	15.52	10.7	0.33	9.71	9.29	0.57	3.02	0.91	1.18	86	101.22
C57BL/6J	m	935	ARC	21.25	37.52	16.27	10.7	0.33	13.71	31.32	2.69	3.56	0.76	1.24	60	74.16
C57BL/6J	m	936	ARC	20.73	37.37	16.64	10.6	0.33	10.27	57.14	3.67	3.85	0.8	1.26	135	169.83
C57BL/6J	m	937	ARC	18.25	35.26	17.01	10.5	0.32	13.71	40.62	3.49	3.85	0.55	1.12	105	117.29
C57BL/6J	m	938	ARC	20.97	39.14	18.17	10.5	0.36	10.66	57.83	3.86	4.13	1.71	1.15	108	123.98
C57BL/6J	m	939	ARC	18.91	38.54	19.63	10.6	0.34	10.43	186.56	12.19	3.02	1.03	1.18	66	77.55
C57BL/6J	m	940	ARC	21.67	41.65	19.98	10.8	0.36	12.21	264.69	20.24	4.21	1.33	1.32	156	205.76
C57BL/6J	m	941	ARC	20.2	40.84	20.64	10.4	0.38	14.26	368.29	32.9	4.45	0.27	1.33	199	265.27
C57BL/6J	m	942	ARC	20.68	42.19	21.51	10.6	0.38	12.04	183.29	13.82	3.72	0.58	1.36	175	237.65
C57BL/6J	m	943	ARC	22.16	44.34	22.18	10.9	0.37	10.82	400.13	27.12	3.61	0.89	1.29	144	185.47
C57BL/6J	m	944	ARC	19.96	43.17	23.21	10.9	0.36	10.55	83.47	5.51	3.54	0.41	1.39	216	300.46
C57BL/6J	m	945	ARC	23.47	47.78	24.31	10.9	0.4	12.77	228.38	18.26	4.89	0.91	1.48	236	349.52
C57BL/6J	m	946	ARC	19.99	44.4	24.41	10.6	0.4	10.16	218.57	13.9	4.24	0.41	1.35	210	283.5
C57BL/6J	m	947	ARC	23.36	48.13	24.77	10.6	0.43	18.37	575.85	66.24	4.6	0.54	1.96	305	597.8
C57BL/6J	m	948	ARC	21.95	47.46	25.51	10.7	0.42	16.98	382.58	40.69	4.47	0.59	1.74	274	477.03
C57BL/6J	m	949	ARC	20.75	46.29	25.54	11	0.38	18.93	630.57	74.73	4.55	0.47	1.59	188	298.36
C57BL/6J	m	950	ARC	21.3	46.88	25.58	10.6	0.42	13.32	398.93	33.27	4.39	0.68	1.68	256	431.1
C57BL/6J	m	951	ARC	20.77	47.08	26.31	10.6	0.42	16.32	360.72	36.86	4.78	0.57	1.73	257	444.1
C57BL/6J	m	952	ARC	22.81	49.13	26.32	10.6	0.44	15.98	534.89	53.54	4.47	0.51	1.98	252	498.96
C57BL/6J	m	953	ARC	23.26	49.97	26.71	10.7	0.44	14.15	379.31	33.62	4.63	0.59	2.08	342	709.99
C57BL/6J	m	954	ARC	22.61	49.33	26.72	10.6	0.44	19.26	473.62	57.12	4.76	0.64	2.02	322	650.12
C57BL/6J	m	955	ARC	20.26	47.04	26.78	10.6	0.42	16.65	410.11	42.76	4.47	0.39	1.74	293	508.36
C57BL/6J	m	956	ARC	21.49	48.33	26.84	10.6	0.43	17.48	589.1	64.49	5.23	0.81	1.7	264	449.06
C57BL/6J	m	957	ARC	22.91	50.89	27.98	11	0.42	13.32	171.07	14.27	4.47	0.46	1.7	202	344.01
C57BL/6J	m	958	ARC	22.4	51.01	28.61	10.9	0.43	15.1	288.96	27.32	4.6	0.79	1.92	283	541.95
C57BL/6J	m	959	ARC	18.64	47.77	29.13	10.6	0.43	17.04	429.73	45.85	5.17	0.64	1.58	196	310.46
C57BL/6J	m	960	ARC	23	55.33	32.33	10.7	0.48	13.93	1102.3	96.16	4.86	1	2.35	370	869.87
C57BL/6J	m	961	WAF	18.98	36.1	17.12	10.5	0.33	6.16	95.17	3.67	2.76	0.46	1.39	120	166.92
C57BL/6J	m	962	WAF	19.25	36.84	17.59	10.5	0.33	13.43	512.69	43.12	3.41	0.32	1.41	226	318.43
C57BL/6J	m	963	WAF	20.62	38.35	17.73	10.7	0.34	11.54	125.63	9.08	3.22	0.32	1.35	127	171.58
C57BL/6J	m	964	WAF	17.52	36.68	19.16	10.3	0.35	15.87	286.2	28.45	3.69	0.38	1.27	159	201.93
C57BL/6J	m	965	WAF	18.43	38.51	20.08	10.5	0.35	11.04	95.17	6.58	3.41	0.36	1.46	208	303.68
C57BL/6J	m	966	WAF	16.45	38.02	21.57	10.5	0.35	15.71	214.09	21.06	3.8	0.35	1.39	172	239.6
C57BL/6J	m	967	WAF	19.26	43.16	23.9	10.6	0.38	21.98	268.3	36.93	4.16	0.59	1.25	127	158.62
C57BL/6J	m	968	WAF	21.28	45.82	24.54	10.8	0.39	12.38	224.76	17.42	4.06	0.58	1.61	138	222.18
C57BL/6J	m	969	WAF	22.44	48.64	26.2	10.8	0.42	14.6	416.83	38.1	4.32	0.38	2.17	280	607.32
C57BL/6J	m	970	WAF	19	47.75	28.75	10.6	0.43	18.7	477.23	55.89	4.73	0.57	1.52	199	303.08
C57BL/6J	m	971	WAF	17.62	47.04	29.42	10.3	0.44	19.43	853.96	103.88	4.08	0.31	1.59	232	368.65
C57BL/6J	m	972	WAF	20.15	51.32	31.17	10.9	0.43	20.59	764.3	98.55	6.03	0.5	3.24	387	1255.04
C57BL/6J	m	973	WAF	19.94	48.78	28.84	10.7	0.43	20.37	945.86	120.64	5.02	0.42	2.19	347	758.89
C57BL/6J	m	974	WAF	19.82	49.99	30.17	10.7	0.44	20.81	798.72	104.1	4.52	0.7	2.28	331	756
C57BL/6J	m	975	WAF	20.54	52.55	32.01	10.7	0.46	15.71	733.83	72.18	5.59	0.67	3.32	366	1215.85
C57BL/6J	m	976	WAF	20.02	49.31	29.29	10.7	0.43	22.09	663.45	91.77	5.59	0.58	2.53	350	885.15
C57BL/6J	m	977	WAF	20.31	51.19	30.88	10.8	0.44	17.7	380.69	42.21	5.69	0.68	2.44	341	831.7
C57BL/6J	m	978	WAF	19.45	42.42	22.97	10.6	0.38	18.2	521.64	59.46	5.1	0.65	1.31	174	227.59
C57BL/6J	m	979	WAF	20.01	50.13	30.12	10.7	0.44	19.87	1201.77	149.53	5.43	0.51	2.32	363	842.89
C57BL/6J	m	980	WAF	19.11	48.96	29.85	10.6	0.44	19.98	525.94	65.8	5.3	0.48	2.38	331	788.11
C57BL/6J	m	981	WAF	17.64	33.16	15.52	10.7	0.29	11.32	123.91	8.79	3.02	0.62	1.07	85	90.87
C57BL/6J	m	982	WAF	21.21	39.11	17.9	10.7	0.34	12.82	103.26	8.29	3.67	0.71	1.28	135	172.67
C57BL/6J	m	983	WAF	20.48	47.91	27.43	10.7	0.42	23.03	1143.09	164.87	4.99	0.52	1.87	260	484.9
C57BL/6J	m	984	WAF	20.84	50.23	29.39	10.7	0.44	21.53	660.52	89.07	4.63	0.36	1.87	237	442.72
C57BL/6J	m	985	WAF	20.67	50.76	30.09	10.7	0.44	21.65	481.88	65.32	4.94	0.66	2.17	303	656.3
C57BL/6J	m	986	WAF	21.29	44.05	22.76	11	0.36	15.65	508.04	49.79	3.95	0.51	1.39	138	191.41
C57BL/6J	m	987	WAF	18.85	47.27	28.42	10.7	0.41	16.82	676.18	71.21	4.55	0.68	1.86	305	566.69
C57BL/6J	m	988	WAF	18.78	48.13	29.35	10.7	0.42	19.65	1064.27	130.94	5.1	0.57	2.14	357	762.55
C57BL/6J	m	989	WAF	19.81	48.64	28.83	10.7	0.43	19.43	1341.69	163.2	5.33	0.54	2.33	358	832.71
C57BL/6J	m	990	WAF	20.35	49.69	29.34	10.8	0.43	17.76	1160.13	129.02	4.94	0.42	2.65	368	973.73
C57BL/6J	m	991	WAF	19.45	45.13	25.68	10.6	0.4	14.37	809.9	72.9	5.07	0.5	1.85	299	551.95
C57BL/6J	m	992	WAF	19.97	44	24.03	10.3	0.42	19.43	667.92	81.25	4.71	0.46	1.59	258	409.45
C57BL/6J	m	993	WAF	21.71	50.8	29.09	10.8	0.44	18.04	1626.52	183.72	5.1	0.44	2.62	378	991.87
C57BL/6J	m	994	WAF	19.97	45.82	25.85	10.8	0.39	17.7	379.31	42.05	4.71	0.7	1.39	172	239.25
C57BL/6J	m	995	WAF	22.61	51.62	29.01	11	0.43	17.98	762.58	85.87	4.73	0.91	1.89	283	534.59
C57BL/6J	m	996	WAF	17.62	36.01	18.39	10.6	0.32	13.21	78.48	6.49	3.87	0.54	1.06	116	122.5
C57BL/6J	m	997	WAF	20.15	44.66	24.51	10.5	0.41	19.26	479.81	57.86	4.32	0.58	1.6	218	349.45
C57BL/6J	m	998	WAF	22.25	49.11	26.86	10.8	0.42	17.93	610.09	68.49	4.65	0.49	1.87	242	451.57
C57BL/6J	m	999	WAF	22	49.81	27.81	10.7	0.44	17.26	453.14	48.98	4.39	0.4	1.86	224	416.64
C57BL/6J	m	1000	WAF	18.18	31.1	12.92	10.4	0.29	9.32	26.68	1.56	2.6	0.56	1.12	49	54.73
C57BL/6J	m	1001	WAF	19.8	37.53	17.73	10.5	0.34	12.99	54.56	4.44	3.59	0.55	1.21	130	157.04
C57BL/6J	m	1002	WAF	19.46	41.18	21.72	10.3	0.39	16.87	275.36	29.09	4.13	0.66	1.28	155	198.87
C57BL/6J	m	1003	WAF	18.66	47.62	28.96	10.8	0.41	16.04	574.81	57.73	4.76	0.47	1.7	252	428.65
C57BL/6J	m	1004	WAF	20.52	49.14	28.62	10.8	0.42	17.93	382.75	42.97	4.68	0.46	2.11	301	634.51
C57BL/6J	m	1005	WAF	19.72	50.1	30.38	10.8	0.43	17.93	569.65	63.95	4.55	0.54	2.41	350	842.1
C57BL/6J	m	1006	WAF	19.65	49.22	29.57	10.7	0.43	17.26	362.96	39.23	5.25	0.42	2.9	418	1211.78
C57BL/6J	m	1007	WAF	15.87	38.53	22.66	10.4	0.36	16.76	261.94	27.49	4.6	0.51	1.27	193	245.5
C57BL/6J	m	1008	WAF	19	47.26	28.26	10.7	0.41	20.98	595.81	78.27	4.84	0.71	2.09	295	615.67
C57BL/6J	m	1009	WAF	19.59	41.68	22.09	10.6	0.37	13.93	142.15	12.4	4.29	0.74	1.38	146	201.92
C57BL/6J	m	1010	WAF	18.21	32.7	14.49	10.6	0.29	13.49	37	3.12	3.07	0.54	1.2	118	141.01
